+1.969 +3.055 36.055 0.000
-0.731 +5.928 28.555 0.000
-0.668 +5.965 25.706 0.000
-0.663 +5.980 23.023 0.000
-0.664 +5.987 21.753 0.000
-0.643 +5.877 20.529 0.000
-0.661 +5.979 11.847 0.000
-0.636 +5.966 10.218 0.000
-0.562 +5.867 10.036 0.000
-0.262 +5.881 9.632 0.000
+1.918 +2.662 9.253 0.000
-0.652 +5.944 7.433 0.000
+1.606 +3.157 7.414 0.000
-0.673 +5.976 7.072 0.000
+1.931 +2.247 6.514 0.000
-0.496 +5.858 6.450 0.000
-0.632 +5.950 5.707 0.000
-0.552 +5.853 5.549 0.000
+1.905 +2.647 5.113 0.000
+1.923 +2.260 4.932 0.000
+1.998 +2.580 4.810 0.000
-0.651 +5.930 4.653 0.000
-1.323 +6.161 4.471 0.000
+2.072 +2.303 4.297 0.000
+1.952 +2.261 4.193 0.000
-0.016 +0.727 3.844 0.000
-0.663 +5.972 3.762 0.000
+2.064 +2.610 3.713 0.000
+1.538 +1.121 3.680 0.000
-0.687 +5.987 3.525 0.000
-0.492 +5.830 3.513 0.000
-0.650 +5.860 3.284 0.000
-1.505 +6.091 3.186 0.000
-0.682 +5.949 2.908 0.000
+1.975 +3.067 2.757 0.000
-0.639 +5.894 2.739 0.000
+2.098 +2.802 2.719 0.000
+1.645 +3.140 2.699 0.000
+1.982 +2.976 2.671 0.000
-0.094 +5.298 2.618 0.000
-0.011 +5.434 2.345 0.000
-0.654 +5.976 2.287 0.000
+1.638 +1.994 2.267 0.000
+1.249 +2.612 2.247 0.000
+2.032 +2.282 2.094 0.000
+1.704 +3.149 1.895 0.000
+1.426 +2.287 1.885 0.000
-0.651 +5.938 1.777 0.000
+1.962 +3.036 1.732 0.000
-0.683 +5.999 1.665 0.000
+2.042 +2.599 1.629 0.000
+0.052 +0.792 1.608 0.000
-0.288 +5.858 1.602 0.000
+2.152 +2.495 1.599 0.000
+0.878 +2.202 1.577 0.000
-0.747 +5.942 1.445 0.000
+1.839 +2.766 1.363 0.000
+1.121 +3.818 1.335 0.000
+1.829 +1.827 1.216 0.000
-0.621 +5.988 1.212 0.000
+1.678 +3.020 1.151 0.000
-1.238 +5.954 1.045 0.000
